POST 140057093 476
POST 34534408 5831
POST 34534408 5566
POST 34534408 5831
POST 34534408 5566
POST 19957771 2713
POST 7643155 402
POST 7643155 4
PHOTO_COMMENT 84567573 9
POST_COMMENT 6955033 2542 2552
POST_COMMENT 6955033 835 836
POST_COMMENT 6955033 779 782
POST_COMMENT 6955033 706 708
PHOTO_COMMENT 6955033 1406
PHOTO_COMMENT 6955033 911
PHOTO_COMMENT 6955033 424
POST_COMMENT 9146405 70 73
POST_COMMENT 9146405 27 30
PHOTO_COMMENT 9146405 55
PHOTO_COMMENT 9146405 3
POST 13106215 170
POST 13106215 112
POST 13106215 170
POST 13106215 112
POST_COMMENT 13106215 74 75
POST 13106215 50
POST_COMMENT 24091996 106 107
POST_COMMENT 24091996 69 75
POST_COMMENT 24091996 69 77
PHOTO_COMMENT 24091996 23
PHOTO_COMMENT 24091996 20
POST 24212012 343
POST 24212012 272
PHOTO_COMMENT 7992373 115
PHOTO_COMMENT 7992373 29
PHOTO_COMMENT 7992373 25
PHOTO_COMMENT 7992373 7
PHOTO_COMMENT 7992373 5
POST_COMMENT 8205372 419 421
POST_COMMENT 27190369 12976 12984
POST_COMMENT 27190369 9066 9073
POST_COMMENT 27190369 8972 8973
POST_COMMENT 27190369 8839 8853
POST_COMMENT 27190369 8785 8790
POST_COMMENT 27190369 7025 7032
POST_COMMENT 27190369 6818 6820
POST_COMMENT 27190369 6643 6648
POST_COMMENT 27190369 6643 6651
POST_COMMENT 27190369 6432 6433
POST_COMMENT 27190369 6370 6373
POST_COMMENT 27190369 6300 6309
POST 9069133 132
POST 9069133 125
PHOTO_COMMENT 21599827 127
PHOTO_COMMENT 21599827 117
POST 4277345 3879
POST_COMMENT 4277345 3879 3881
POST 21317219 10
POST_COMMENT 49066084 587 591
POST 14157422 3442
POST_COMMENT 14157422 1892 1893
POST_COMMENT 14157422 1892 1895
POST_COMMENT 14157422 1892 1902
POST_COMMENT 14157422 1892 1904
POST_COMMENT 14157422 1871 1872
POST 14157422 1852
POST_COMMENT 14157422 1793 1795
POST_COMMENT 14157422 1308 1312
PHOTO_COMMENT 14157422 860
PHOTO_COMMENT 14157422 690
POST_COMMENT 6255215 517 527
POST_COMMENT 6255215 423 424
POST_COMMENT 6255215 423 426
POST_COMMENT 6255215 237 239
POST_COMMENT 6255215 218 219
POST_COMMENT 6255215 218 222
POST_COMMENT 6255215 146 149
POST 6255215 140
PHOTO_COMMENT 6255215 813
PHOTO_COMMENT 6255215 809
PHOTO_COMMENT 6255215 732
PHOTO_COMMENT 6255215 729
PHOTO_COMMENT 6255215 726
PHOTO_COMMENT 6255215 724
PHOTO_COMMENT 6255215 723
PHOTO_COMMENT 6255215 607
PHOTO_COMMENT 6255215 601
PHOTO_COMMENT 6255215 597
PHOTO_COMMENT 6255215 592
PHOTO_COMMENT 6255215 586
PHOTO_COMMENT 6255215 584
PHOTO_COMMENT 6255215 555
PHOTO_COMMENT 6255215 526
PHOTO_COMMENT 6255215 525
PHOTO_COMMENT 6255215 524
PHOTO_COMMENT 6255215 522
PHOTO_COMMENT 6255215 515
PHOTO_COMMENT 6255215 507
PHOTO_COMMENT 6255215 506
PHOTO_COMMENT 6255215 505
PHOTO_COMMENT 6255215 504
PHOTO_COMMENT 6255215 503
PHOTO_COMMENT 6255215 496
PHOTO_COMMENT 6255215 495
PHOTO_COMMENT 6255215 494
PHOTO_COMMENT 6255215 493
PHOTO_COMMENT 6255215 358
PHOTO_COMMENT 6255215 355
PHOTO_COMMENT 6255215 349
PHOTO_COMMENT 6255215 348
PHOTO_COMMENT 6255215 347
PHOTO_COMMENT 6255215 346
PHOTO_COMMENT 6255215 345
PHOTO_COMMENT 6255215 344
POST_COMMENT 16490614 2345 2346
POST_COMMENT 16490614 326 337
POST 16490614 106
PHOTO_COMMENT 16490614 691
PHOTO_COMMENT 72114814 8
PHOTO_COMMENT 72114814 7
POST 91845765 6631
POST_COMMENT 162057866 985 987
PHOTO_COMMENT 10018958 9
PHOTO_COMMENT 23442063 1448
POST 6913681 1406
POST 6913681 1399
POST_COMMENT 6913681 704 705
PHOTO_COMMENT 6913681 122
PHOTO_COMMENT 6913681 72
POST 17909912 2033
POST 17909912 316
POST 17909912 68
POST_COMMENT 17609881 1470 1476
POST_COMMENT 17609881 1294 1295
POST_COMMENT 17609881 1071 1081
POST_COMMENT 17609881 1051 1053
POST_COMMENT 17609881 1051 1055
POST_COMMENT 17609881 1051 1057
POST_COMMENT 17609881 811 817
POST_COMMENT 17609881 756 757
POST_COMMENT 17609881 538 547
POST_COMMENT 17609881 520 523
POST_COMMENT 17609881 499 500
PHOTO_COMMENT 17609881 615
PHOTO_COMMENT 17609881 556
PHOTO_COMMENT 17609881 481
PHOTO_COMMENT 17609881 448
PHOTO_COMMENT 17609881 416
PHOTO_COMMENT 17609881 414
PHOTO_COMMENT 17609881 412
PHOTO_COMMENT 17609881 378
POST_COMMENT 8310942 192 193
POST 8310942 162
PHOTO_COMMENT 8310942 21
PHOTO_COMMENT 8310942 20
PHOTO_COMMENT 8310942 19
POST 21149860 2522
POST_COMMENT 21149860 2317 2320
POST_COMMENT 21149860 2317 2322
POST_COMMENT 21149860 2317 2324
POST_COMMENT 21149860 2107 2108
POST_COMMENT 21149860 2107 2110
POST 21149860 2078
POST_COMMENT 21149860 2011 2013
POST_COMMENT 21149860 1985 1991
POST_COMMENT 21149860 1975 1977
POST_COMMENT 21149860 1653 1655
POST_COMMENT 21149860 1615 1616
POST_COMMENT 21149860 1609 1618
POST_COMMENT 21149860 1373 1380
POST_COMMENT 21149860 1357 1358
POST_COMMENT 21149860 1346 1349
POST_COMMENT 21149860 1299 1300
POST_COMMENT 21149860 1072 1076
POST_COMMENT 21149860 993 994
POST_COMMENT 21149860 993 998
POST_COMMENT 21149860 855 861
PHOTO_COMMENT 21149860 287
PHOTO_COMMENT 21149860 285
PHOTO_COMMENT 21149860 283
PHOTO_COMMENT 21149860 267
PHOTO_COMMENT 21149860 265
PHOTO_COMMENT 21149860 261
PHOTO_COMMENT 21149860 254
PHOTO_COMMENT 21149860 248
PHOTO_COMMENT 99644583 63
POST 52222133 814
POST 52222133 737
POST_COMMENT 52222133 732 738
POST 52222133 814
POST 52222133 737
POST_COMMENT 52222133 732 738
PHOTO_COMMENT 52222133 301
POST 201020089 4
PHOTO_COMMENT 97776321 18
POST 100732098 73
PHOTO_COMMENT 100732098 3
PHOTO_COMMENT 164597447 12
POST 140676812 90
POST_COMMENT 12221137 1729 1737
POST_COMMENT 12221137 1729 1741
PHOTO_COMMENT 12221137 332
PHOTO_COMMENT 12221137 328
PHOTO_COMMENT 5534930 38
VIDEO_COMMENT 5534930 155553312 5
POST 68693717 51
POST_COMMENT 156859106 493 494
POST_COMMENT 156859106 221 222
POST_COMMENT 156859106 188 189
POST_COMMENT 156859106 104 105
POST_COMMENT 156859106 104 108
POST_COMMENT 156859106 89 90
POST_COMMENT 156859106 89 92
POST_COMMENT 156859106 85 86
POST_COMMENT 156859106 75 76
POST_COMMENT 156859106 75 78
PHOTO_COMMENT 156859106 172
PHOTO_COMMENT 156859106 30
PHOTO_COMMENT 156859106 28
POST 24619751 1906
POST_COMMENT 24619751 1906 1909
POST_COMMENT 24619751 1318 1320
POST_COMMENT 24619751 1072 1073
POST_COMMENT 24619751 1059 1061
POST_COMMENT 24619751 1059 1064
POST_COMMENT 24619751 1042 1043
POST_COMMENT 24619751 354 355
POST_COMMENT 24619751 354 357
POST_COMMENT 24619751 350 352
PHOTO_COMMENT 24619751 795
PHOTO_COMMENT 24619751 678
PHOTO_COMMENT 24619751 676
PHOTO_COMMENT 24619751 668
POST 90383602 994
POST_COMMENT 64874227 89 90
POST_COMMENT 56696566 10648 10649
POST_COMMENT 56696566 10648 10651
POST_COMMENT 56696566 9001 9004
POST_COMMENT 56696566 9001 9006
POST_COMMENT 56696566 8971 8972
POST 56696566 8557
POST 56696566 8343
POST_COMMENT 56696566 8225 8226
POST_COMMENT 56696566 8225 8228
POST_COMMENT 56696566 8225 8231
PHOTO_COMMENT 56696566 3930
PHOTO_COMMENT 56696566 3928
PHOTO_COMMENT 56696566 3240
POST_COMMENT 6803703 464 465
PHOTO_COMMENT 6803703 41
PHOTO_COMMENT 6803703 31
POST 7010042 691
POST_COMMENT 7010042 676 678
POST_COMMENT 7010042 676 683
POST_COMMENT 7010042 676 700
POST 7010042 611
POST 7010042 392
POST_COMMENT 7010042 334 336
POST 7010042 299
POST_COMMENT 7010042 236 251
POST 8435975 59
PHOTO_COMMENT 91178765 90
PHOTO_COMMENT 91178765 88
PHOTO_COMMENT 91178765 86
PHOTO_COMMENT 91178765 61
PHOTO_COMMENT 91178765 9
PHOTO_COMMENT 91178765 4
POST_COMMENT 652052 307 308
POST_COMMENT 652052 250 259
PHOTO_COMMENT 652052 249
PHOTO_COMMENT 652052 213
POST 51816726 17
PHOTO_COMMENT 51816726 182
POST 78621231 184
POST_COMMENT 138517915 443 444
POST 138517915 250
POST 138517915 31
POST_COMMENT 13240617 7904 7909
PHOTO_COMMENT 13240617 6101
POST_COMMENT 54125854 1212 1218
POST 54125854 1047
POST 54125854 917
PHOTO_COMMENT 54125854 302
PHOTO_COMMENT 54125854 155
POST_COMMENT 162854687 648 652
POST_COMMENT 162854687 648 654
POST_COMMENT 162854687 562 565
POST_COMMENT 162854687 126 129
POST_COMMENT 63824164 3057 3059
POST 63824164 1975
POST 63824164 1843
POST_COMMENT 63824164 1843 1847
POST_COMMENT 63824164 1445 1446
POST_COMMENT 63824164 1445 1449
POST 63824164 23
PHOTO_COMMENT 63824164 542
POST 18292006 1997
POST_COMMENT 18292006 1433 1443
POST_COMMENT 18292006 1361 1367
PHOTO_COMMENT 18292006 223
PHOTO_COMMENT 18292006 204
PHOTO_COMMENT 18292006 188
PHOTO_COMMENT 7082793 8
POST_COMMENT 12186925 11298 11302
POST_COMMENT 12186925 8655 8657
POST 12186925 560
PHOTO_COMMENT 12186925 3501
PHOTO_COMMENT 12186925 3209
PHOTO_COMMENT 12186925 590
PHOTO_COMMENT 12186925 589
POST_COMMENT 31109934 80 82
PHOTO_COMMENT 19670833 19
PHOTO_COMMENT 19670833 18
PHOTO_COMMENT 19670833 17
POST 31784758 1521
POST_COMMENT 31784758 1521 1523
POST 31784758 1064
POST_COMMENT 31784758 889 892
POST_COMMENT 31784758 796 797
POST_COMMENT 31784758 733 735
POST_COMMENT 31784758 477 481
POST_COMMENT 31784758 471 472
POST 4471099 6991
POST_COMMENT 4471099 6396 6397
POST_COMMENT 4471099 3769 3770
POST_COMMENT 4471099 3764 3771
POST_COMMENT 4471099 3764 3787
POST_COMMENT 4471099 3764 3817
POST_COMMENT 4471099 3498 3499
POST_COMMENT 4471099 3455 3466
POST_COMMENT 4471099 2939 2943
POST 4471099 2893
POST_COMMENT 4471099 2736 2752
POST_COMMENT 4471099 2301 2316
POST_COMMENT 4471099 2256 2272
POST_COMMENT 4471099 2256 2274
POST_COMMENT 4471099 2013 2015
POST_COMMENT 4471099 1915 1945
POST_COMMENT 4471099 1915 1948
POST_COMMENT 4471099 1915 1950
POST_COMMENT 4471099 1786 1789
POST_COMMENT 4471099 898 908
POST_COMMENT 4471099 782 788
POST_COMMENT 4471099 585 587
POST_COMMENT 4471099 486 487
POST_COMMENT 4471099 446 447
POST_COMMENT 4471099 394 395
POST_COMMENT 4471099 291 294
POST_COMMENT 4471099 291 297
PHOTO_COMMENT 4471099 82
PHOTO_COMMENT 4471099 81
PHOTO_COMMENT 4471099 69
PHOTO_COMMENT 4471099 67
PHOTO_COMMENT 4471099 64
PHOTO_COMMENT 4471099 63
PHOTO_COMMENT 4471099 54
PHOTO_COMMENT 4471099 52
PHOTO_COMMENT 4471099 48
PHOTO_COMMENT 11403854 636
PHOTO_COMMENT 11403854 629
PHOTO_COMMENT 11403854 628
PHOTO_COMMENT 11403854 627
PHOTO_COMMENT 11403854 626
POST_COMMENT 7516998 1654 1672
POST_COMMENT 7516998 1500 1503
POST 7516998 14
PHOTO_COMMENT 7516998 625
PHOTO_COMMENT 7516998 490
POST 26785616 6
POST_COMMENT 35237716 1815 1816
POST_COMMENT 35237716 1815 1824
POST_COMMENT 35237716 1613 1617
PHOTO_COMMENT 35237716 1678
POST 90833240 505
POST 6633308 290
POST 6633308 47
POST 11653178 299
POST_COMMENT 14281058 1557 1558
POST_COMMENT 14281058 1557 1564
POST 19784035 126
POST 65707364 3659
POST_COMMENT 2639223 5754 5757
POST_COMMENT 2639223 5412 5414
POST_COMMENT 2639223 4085 4100
POST 2639223 3360
PHOTO_COMMENT 2639223 1913
PHOTO_COMMENT 2639223 1773
PHOTO_COMMENT 2639223 1744
PHOTO_COMMENT 2639223 1735
PHOTO_COMMENT 2639223 1431
POST_COMMENT 16060287 1672 1676
POST_COMMENT 16060287 1558 1559
POST_COMMENT 16060287 1558 1561
POST_COMMENT 16060287 1558 1564
POST_COMMENT 16060287 673 1673
POST_COMMENT 16060287 673 1675
PHOTO_COMMENT 16060287 851
PHOTO_COMMENT 16060287 849
POST 196420483 8
POST 37098373 1150
POST_COMMENT 37098373 1150 1153
POST_COMMENT 37098373 1124 1129
POST_COMMENT 37098373 999 1000
POST_COMMENT 37098373 999 1003
POST_COMMENT 37098373 999 1005
POST_COMMENT 37098373 999 1007
POST_COMMENT 37098373 940 942
POST_COMMENT 37098373 940 944
POST_COMMENT 37098373 688 689
POST_COMMENT 37098373 682 683
POST_COMMENT 37098373 648 649
POST_COMMENT 37098373 643 644
POST_COMMENT 37098373 618 621
POST_COMMENT 37098373 618 623
POST_COMMENT 37098373 578 579
PHOTO_COMMENT 37098373 248
PHOTO_COMMENT 37098373 244
PHOTO_COMMENT 37098373 218
PHOTO_COMMENT 37098373 216
PHOTO_COMMENT 37098373 214
PHOTO_COMMENT 37098373 202
PHOTO_COMMENT 37098373 200
PHOTO_COMMENT 37098373 199
PHOTO_COMMENT 37098373 195
PHOTO_COMMENT 37098373 194
PHOTO_COMMENT 37098373 193
PHOTO_COMMENT 37098373 190
PHOTO_COMMENT 37098373 189
PHOTO_COMMENT 37098373 188
PHOTO_COMMENT 37098373 48
PHOTO_COMMENT 49677709 1
POST_COMMENT 12730256 333 334
PHOTO_COMMENT 12730256 511
PHOTO_COMMENT 136255895 72
POST 6586776 1793
POST_COMMENT 6586776 1103 1104
POST_COMMENT 6586776 1103 1106
POST_COMMENT 6586776 987 988
POST_COMMENT 6586776 904 905
POST_COMMENT 6586776 904 912
POST_COMMENT 6586776 814 818
POST_COMMENT 6586776 384 385
POST_COMMENT 6586776 151 153
POST_COMMENT 6586776 151 157
POST_COMMENT 6586776 151 159
POST_COMMENT 6586776 151 165
POST_COMMENT 6586776 151 168
POST_COMMENT 6586776 151 170
POST_COMMENT 6586776 151 174
POST_COMMENT 6586776 151 176
POST_COMMENT 12529049 309 310
POST_COMMENT 12529049 219 220
PHOTO_COMMENT 12529049 246
PHOTO_COMMENT 12529049 242
PHOTO_COMMENT 12529049 240
PHOTO_COMMENT 12529049 217
PHOTO_COMMENT 12529049 144
PHOTO_COMMENT 116131 830
PHOTO_COMMENT 116131 810
PHOTO_COMMENT 116131 685
PHOTO_COMMENT 116131 666
PHOTO_COMMENT 116131 639
PHOTO_COMMENT 116131 593
PHOTO_COMMENT 116131 587
PHOTO_COMMENT 116131 563
PHOTO_COMMENT 116131 529
PHOTO_COMMENT 116131 518
PHOTO_COMMENT 116131 334
PHOTO_COMMENT 116131 327
PHOTO_COMMENT 116131 326
PHOTO_COMMENT 116131 325
PHOTO_COMMENT 116131 324
PHOTO_COMMENT 116131 323
POST 14632360 757
POST 14632360 502
PHOTO_COMMENT 14632360 246
PHOTO_COMMENT 14632360 245
PHOTO_COMMENT 14632360 244
PHOTO_COMMENT 14632360 205
PHOTO_COMMENT 14632360 204
PHOTO_COMMENT 14632360 202
PHOTO_COMMENT 14632360 201
PHOTO_COMMENT 21918639 987
PHOTO_COMMENT 21918639 733
PHOTO_COMMENT 21918639 112
PHOTO_COMMENT 5096881 42
PHOTO_COMMENT 5096881 37
POST_COMMENT 14580155 6986 6987
POST_COMMENT 14580155 6986 6989
PHOTO_COMMENT 14580155 2321
PHOTO_COMMENT 14580155 2319
POST 12244932 228
POST 12244932 129
POST_COMMENT 32505797 1795 1796
PHOTO_COMMENT 32505797 646
PHOTO_COMMENT 32505797 641
PHOTO_COMMENT 32505797 640
PHOTO_COMMENT 32505797 620
PHOTO_COMMENT 32505797 445
PHOTO_COMMENT 32505797 418
PHOTO_COMMENT 32505797 417
PHOTO_COMMENT 32505797 382
PHOTO_COMMENT 32505797 253
PHOTO_COMMENT 32505797 248
PHOTO_COMMENT 32505797 246
PHOTO_COMMENT 32505797 237
PHOTO_COMMENT 32505797 235
PHOTO_COMMENT 32505797 204
PHOTO_COMMENT 32505797 202
PHOTO_COMMENT 32505797 147
PHOTO_COMMENT 32505797 82
PHOTO_COMMENT 32505797 81
PHOTO_COMMENT 32505797 80
PHOTO_COMMENT 32505797 79
PHOTO_COMMENT 32505797 78
PHOTO_COMMENT 32505797 77
PHOTO_COMMENT 32505797 76
PHOTO_COMMENT 32505797 75
PHOTO_COMMENT 32505797 67
PHOTO_COMMENT 32505797 66
PHOTO_COMMENT 32505797 65
PHOTO_COMMENT 32505797 64
PHOTO_COMMENT 32505797 63
PHOTO_COMMENT 32505797 62
PHOTO_COMMENT 32505797 61
PHOTO_COMMENT 32505797 60
POST 37276615 3569
POST 95237578 214
PHOTO_COMMENT 95237578 45
PHOTO_COMMENT 95237578 16
PHOTO_COMMENT 95237578 15
PHOTO_COMMENT 95237578 14
POST_COMMENT 46500299 283 293
PHOTO_COMMENT 46500299 71
POST 15666129 1003
PHOTO_COMMENT 26942418 11
POST_COMMENT 156296159 2412 2413
POST_COMMENT 156296159 1947 1950
POST 156296159 1345
POST 78820321 74
POST 32703825 401
POST 32703825 400
POST 14573033 978
POST 14573033 846
POST_COMMENT 14573033 662 663
POST_COMMENT 14573033 662 669
POST_COMMENT 14573033 662 671
POST_COMMENT 14573033 662 673
POST 14573033 355
POST 14573033 72
POST 14573033 6
POST 14573033 2
PHOTO_COMMENT 14573033 58
PHOTO_COMMENT 14573033 53
PHOTO_COMMENT 14573033 11
PHOTO_COMMENT 14573033 2
POST 14397424 1246
POST_COMMENT 14397424 317 318
PHOTO_COMMENT 14397424 583
PHOTO_COMMENT 14397424 438
POST_COMMENT 12939252 1420 1421
PHOTO_COMMENT 97955156 1
POST_COMMENT 8818174 1039 1042
PHOTO_COMMENT 8818174 399
POST -1212933 25
POST_COMMENT -53948635 1355 1358
POST_COMMENT -53948635 1355 1364
POST_COMMENT -53948635 1355 1376
POST_COMMENT -53948635 651 652
POST_COMMENT -53948635 651 658
POST -1713700 13
POST -1684048 6
PHOTO_COMMENT -48609652 8
PHOTO_COMMENT -48609652 5
PHOTO_COMMENT -48609652 1
PHOTO -29347105 265756025
PHOTO -29347105 265756024
PHOTO -29347105 265756023
PHOTO_COMMENT -28833794 2
