206879232
6491137
7517188
140057093
153597
34534408
7436297
111078410
19957771
184766818
7227406
57336338
7643155
84567573
143347735
6955033
226696219
146506268
13914144
104794145
9146405
13106215
24091996
24212012
200784941
6519645
290367752
11314739
7992373
16122936
19487289
16418362
8205372
177823293
73241151
27190369
20189256
9069133
109040718
21571341
258143312
21599827
7087188
11621461
34499670
31981655
8272472
9829417
86075482
227280539
12493242
4880480
4277345
21317219
49066084
133368421
14157422
6255215
223419937
65358451
16490614
171806845
72114814
10214165
25866372
91845765
6316678
23551681
80472712
193281673
162057866
6599309
10018958
23442063
135006352
6913681
245779090
229164179
35081876
18283630
250647040
17909912
17609881
322799259
8310942
190833472
3638433
21149860
16932517
99644583
214579884
308852400
321304753
52222133
162191030
201020089
282969274
38080287
160583871
355191112
97776321
100732098
2299595
13064389
310235846
164597447
204388040
242769097
302929611
140676812
38103246
19875536
12221137
5534930
68693717
161665336
9960123
43742945
156859106
332854501
24619751
7997650
22395117
44584689
90383602
64874227
127640702
56696566
6803703
250761464
165092089
7010042
232109823
5716736
16577796
8916741
8435975
150933768
59566124
139865102
222041253
91178765
252121389
652052
6948117
51816726
173888792
198460548
78621231
138517915
13240617
54125854
162854687
9801504
38232354
63824164
18292006
7082793
12186925
31109934
18584880
19670833
145137460
6949173
31784758
95349560
308530490
4471099
11403854
9378621
166690110
250799157
42102592
308526245
91428162
7516998
11491656
252449097
223375692
172214093
322607438
12630157
26785616
7739729
158912338
81025363
35237716
3084118
90833240
6633308
11653178
303750458
131663200
198837392
14281058
19784035
65707364
20780903
12140392
196522863
96108912
1981160
18698610
2639223
196710548
2975611
16060287
9063297
196420483
7498084
37098373
7373702
8527240
49677709
4701070
12730256
216860824
136255895
6586776
12529049
24540571
5786013
228484512
116131
73002405
14632360
258007979
21918639
5096881
47193010
220819270
6804410
14580155
223721916
198737347
12244932
32505797
61594461
37276615
7816136
201184713
95237578
46500299
44869069
224211021
15666129
26942418
259620309
18036182
31341305
38293465
88774735
36799226
156296159
78820321
67864546
81011258
32703825
14573033
109898732
277403629
6946048
14397424
53477761
12939252
27743223
97955156
17819643
8818174
343203925
-66633728
-2
-23658515
-69992470
-48594969
-60424220
-33248602
-115146782
-70156323
-36044838
-41216689
-76644393
-11337782
-38633528
-63422475
-47972424
-44499018
-80445528
-78544991
-49479786
-60358771
-10027134
-51150978
-73433220
-104595592
-70451343
-1540244
-109117589
-35029149
-79713649
-89981096
-117407916
-58780274
-34635959
-99279749
-54132923
-61341894
-19824842
-58509725
-59179226
-76606159
-66781406
-117538853
-45875425
-125731045
-94382801
-47448305
-124256498
-44957737
-70942968
-65846435
-90340123
-89653516
-10060047
-57508112
-45678866
-43257861
-60227869
-41976094
-12288297
-50790699
-68747565
-45089070
-45089073
-65310477
-103099106
-69271608
-48562518
-91259226
-112132445
-16023902
-61198253
-111411556
-38863208
-33063279
-84246911
-65142848
-33620357
-20513174
-92968345
-62259609
-70014557
-52183109
-48529834
-34505138
-43690739
-28923295
-4915648
-92799427
-52527556
-12714442
-61047245
-107184592
-65044954
-7509413
-71893474
-6685155
-51216868
-105054694
-39289339
-78807553
-1212933
-7733776
-43450899
-96698915
-32080421
-106911153
-81232426
-75825707
-32211503
-70779440
-49349182
-122327703
-121525632
-45744722
-98665043
-121471579
-46230110
-50496097
-69927527
-119013993
-7373430
-352655
-22063893
-34767488
-83460737
-35193486
-34915093
-51587865
-105022105
-9503386
-63963803
-29721246
-100237997
-102365234
-20447921
-5182922
-73728703
-97616588
-44761811
-93422294
-121575919
-9372380
-42140391
-64914152
-24937193
-63865584
-124715761
-81789697
-36242179
-113115922
-64422676
-53838615
-84804376
-84773195
-94536502
-43483962
-72909640
-12817209
-103449457
-122454908
-33391485
-42221718
-109020040
-116992834
-43516816
-43516817
-81021779
-65897368
-63177628
-105808798
-45646753
-69731238
-94852593
-21824424
-105283741
-110887862
-109937593
-82576317
-17957829
-14910406
-95847367
-74351560
-54035401
-113148891
-54166495
-64914400
-65504229
-26903527
-4785128
-39257074
-84542452
-100664313
-32649919
-96207872
-43320326
-58496513
-44696589
-85199835
-43935478
-76940306
-19104795
-30770206
-7734310
-52314289
-69534764
-111412274
-121574922
-89392205
-94012494
-116032598
-104939706
-94340192
-38405218
-7766203
-122225766
-38536300
-75596912
-39912568
-51971197
-95192193
-54908439
-41583759
-44074132
-110789784
-67896475
-61179036
-62260384
-62686374
-23332028
-4326594
-47580355
-25328443
-15533258
-61118601
-23430362
-52757724
-79987936
-41911523
-50693360
-66225398
-56886519
-72058104
-78480634
-52036866
-86508803
-37651718
-94569735
-61244686
-109970713
-11437341
-111674657
-15828263
-101745961
-27067694
-55651209
-14489140
-21792067
-36799814
-71402827
-67208534
-53445978
-23233885
-76163984
-82712124
-5834099
-78808441
-23692666
-41387388
-10290564
-46859654
-55396541
-8553874
-64652693
-54855063
-74946116
-32048539
-66667004
-16160326
-80938408
-53487076
-127123699
-38405558
-54199737
-110763831
-4621763
-15238597
-89058209
-38995400
-30016978
-87197156
-55084519
-104859113
-53052908
-39650801
-46237176
-37946876
-78266043
-21949358
-69666326
-48924188
-106333729
-87632818
-54691374
-81942109
-67143220
-122366903
-35882574
-124716628
-40666709
-72975965
-98981477
-26052195
-51495185
-35063402
-46459837
-74057328
-53249654
-28595817
-64489091
-120373529
-26904225
-56231586
-50366122
-58600391
-107185845
-8324791
-35718846
-94996165
-58911692
-61511287
-73336526
-95094482
-63407829
-72102453
-37807716
-81374165
-43976450
-9776086
-98324363
-65242891
-33358125
-46663441
-97842785
-46204698
-40240924
-53675811
-5703475
-93620020
-109292511
-38986139
-47679293
-76416831
-106465097
-18581326
-112527190
-47187810
-79169379
-100534120
-18279401
-30574460
-26052480
-50890625
-73467778
-25921415
-70780808
-60528280
-77170578
-78421765
-67078037
-1345431
-69363204
-48367538
-75073462
-26755401
-35653577
-98178722
-90212304
-43091937
-98928612
-59523410
-84936688
-7636980
-42502157
-76908562
-20420270
-6653986
-24363355
-39880742
-65596423
-103909424
-42534961
-67635250
-88508467
-73441853
-120555585
-122835147
-79662386
-43485265
-45668025
-58067033
-93161564
-82610270
-51939426
-81791081
-123251731
-61180032
-108019163
-81332357
-52529287
-3806914
-3606670
-56854679
-50759836
-93718695
-74320050
-72789022
-72583360
-79825102
-48203992
-56050043
-48367849
-119376112
-26793685
-2951424
-13699331
-52889865
-66259219
-98273558
-45386020
-81332520
-64882989
-71010608
-49867827
-95783220
-68782391
-42396724
-33917250
-63736134
-34736457
-50162743
-34408780
-49678672
-74615132
-40012130
-59157564
-84281717
-72812918
-92506500
-117406768
-5802380
-30902669
-27039469
-69339542
-7080347
-59365104
-37980580
-16718377
-51546540
-117705136
-70735603
-66787061
-54036928
-62818759
-9013716
-87984599
-118456740
-75467227
-90048994
-31361513
-75448743
-96668145
-74058227
-41134203
-37685757
-44853361
-74189334
-52857374
-54954527
-58722856
-106856882
-1182258
-120439219
-115149373
-70027843
-78505805
-31656523
-71862861
-48138837
-3803736
-120680862
-111807069
-100567649
-43059810
-87689827
-48958061
-12520049
-104434303
-14158464
-93686401
-23946030
-41749125
-87198343
-32375235
-60768709
-58788513
-51612323
-32213671
-9210544
-76942001
-11111122
-90868436
-54069981
-43191019
-42896108
-59731069
-44731126
-127503097
-50793212
-16911103
-61836035
-16550660
-50563847
-50629386
-5180171
-57019160
-73435929
-77564707
-65407785
-123472687
-18452436
-37771059
-48433974
-65178428
-49318721
-57314114
-120752964
-62622545
-35097428
-65831398
-26151786
-57510766
-71844329
-119376760
-121637756
-30182273
-34016138
-16354194
-67451278
-66718622
-21662623
-88837037
-110627768
-52366267
-40831942
-66587594
-5153612
-32050131
-73010133
-69012438
-71109592
-80415708
-64474977
-56514384
-60296162
-123453948
-43682794
-56757233
-78220283
-36015108
-115986138
-33885196
-11403778
-34311186
-46631955
-63900696
-60347234
-29908073
-111279004
-119381736
-121375798
-68488249
-55820812
-47355746
-40537168
-68717651
-97012480
-79531103
-29592675
-100273252
-91527015
-38112372
-49155191
-54267001
-52202635
-56102032
-45223058
-60066965
-126651545
-50334878
-116952225
-82447523
-121932969
-15043756
-72292210
-125308089
-74124476
-6229187
-55282887
-54889682
-68226261
-67266096
-89001186
-31624419
-63180014
-77162647
-90549461
-15633676
-96046349
-48958737
-2854166
-47090971
-27857754
-72715572
-61672767
-77925696
-30575945
-72289622
-48106846
-73960812
-62786925
-98733437
-41880972
-59837837
-90049934
-24153489
-34868626
-74616219
-69504414
-11098011
-51547568
-60919220
-2900553
-73078687
-62787004
-44830142
-78974406
-888269
-122916302
-167378
-53677523
-58723801
-34868698
-51080442
-57007300
-93523435
-20155893
-116493822
-66784770
-113476183
-10555712
-76451349
-75337241
-37555746
-112935515
-55873067
-92540465
-60821044
-49122874
-81399355
-62468409
-66850373
-47877713
-60329557
-110202454
-5803608
-77860446
-14749282
-117706340
-94417790
-124456552
-121802348
-43748976
-35753585
-27760574
-58855031
-93621880
-65965700
-71686082
-49581713
-97193620
-81898778
-119770791
-43683496
-43683498
-103255724
-115969711
-85230195
-52924084
-80580277
-125725983
-37393153
-24186561
-85561027
-71402104
-18845398
-51416792
-72683226
-59469093
-117247720
-40857493
-53677822
-46960383
-28970757
-34475793
-55105497
-82874150
-45780777
-32939719
-82480948
-15241013
-23629623
-58060085
-66948929
-96341833
-107745101
-92013198
-53612388
-32640882
-41258874
-37367103
-75206525
-80842622
-62820223
-31657858
-21008262
-61693718
-112660373
-50401174
-26447770
-60133275
-77950277
-80646048
-93870065
-53841832
-51348126
-6133376
-74059709
-39686078
-120819670
-79826908
-2527207
-43519976
-73269520
-3969012
-107998548
-11997178
-50630654
-9342979
-76648466
-39981077
-65409061
-69528924
-69308460
-17862701
-60264508
-90214461
-58986559
-802119
-61280325
-56496198
-77502476
-987211
-44469145
-37385529
-7114846
-95719519
-20484196
-42438757
-9943608
-67604377
-59117689
-93029055
-23793790
-49418367
-67833987
-67506311
-99380589
-8589461
-79040662
-69129801
-101191844
-19534012
-55808191
-64557248
-12193988
-60428485
-2986202
-58560735
-116986085
-43356406
-120393979
-62361854
-88433891
-67342594
-73300081
-5804302
-100241679
-9965840
-50794769
-83398930
-70848802
-81691355
-86979580
-84414772
-43991775
-79925565
-37654857
-105713994
-32346449
-46632225
-116789609
-109580653
-62198128
-6099314
-107843957
-75731328
-60395908
-51425808
-55349645
-63050130
-825411
-121934228
-74460569
-108433818
-58593691
-5607836
-63560659
-68096417
-18944425
-121967027
-39883194
-98800062
-62460353
-68096451
-10359237
-110006729
-121901517
-52040144
-78283512
-108564950
-54936313
-66425307
-88347102
-40964576
-52367842
-48557478
-61215206
-79827437
-41325043
-50303483
-52335101
-62689792
-65722455
-46633487
-73863696
-3314196
-84677143
-50649180
-36835882
-115970603
-52892210
-117150278
-26546759
-54827260
-109285987
-11047528
-91361898
-48960110
-16978546
-42701432
-37294717
-111743621
-50336390
-39545985
-99096
-91263651
-82571427
-49156774
-54661802
-6984369
-79598258
-115315387
-98538178
-39523015
-55546570
-1086160
-48206550
-15128697
-83755812
-62591711
-125145828
-96277222
-125342440
-71865068
-62231277
-49681143
-42210046
-10999937
-106926857
-123441931
-54825743
-126823896
-106402584
-33342255
-35656476
-67736363
-79532845
-45978421
-65951881
-78091065
-13996860
-55120714
-31920972
-15658467
-70521699
-118985586
-59708284
-120365998
-34870152
-20456673
-44536717
-39326607
-91938787
-121705386
-74224560
-28323316
-87135162
-13603772
-36901824
-32461288
-85365716
-114103268
-29203039
-70620139
-45302610
-62788592
-36279284
-91427837
-59249670
-40932360
-91755529
-104010764
-44799002
-48071514
-44070915
-57421318
-110466093
-7351
-44504125
-85070913
-97862497
-37459018
-68424784
-63002809
-54924383
-92017764
-124704956
-122231838
-43521132
-36464650
-6624377
-33342315
-77940687
-88375164
-34149515
-90674316
-38900885
-107336823
-19240094
-55809189
-44939459
-61445306
-123016379
-99718333
-52663486
-92509382
-44496131
-71755073
-47092943
-60599843
-118920424
-111187177
-82351338
-76027119
-14882032
-49353970
-988407
-30381309
-77901356
-58791186
-96933141
-52106520
-3118362
-88347935
-54564131
-52598057
-112399665
-21108021
-78746935
-97948994
-38016325
-121883775
-45487437
-70915408
-58725714
-71177555
-63870306
-94793275
-70129000
-82936725
-93820291
-43254770
-85880388
-47846817
-65377715
-42337182
-96081334
-44406204
-77206978
-25833781
-58070474
-69342668
-90707405
-118363603
-49419732
-125879498
-55219674
-98719994
-67147234
-25166758
-102110710
-6559231
-114529793
-112072196
-76879372
-64619439
-49223220
-86840887
-33963795
-111679033
-48535108
-106398646
-16717382
-29103702
-47126103
-94508634
-74733841
-51588714
-23926400
-41457281
-61052547
-21420310
-82286214
-84711055
-86574068
-65279639
-81925795
-26154663
-81335982
-91821751
-40781180
-62068413
-74968693
-44865218
-16324296
-68228818
-56170202
-47924177
-56399598
-30775024
-46110454
-67016440
-48568074
-100085378
-52696850
-61216531
-49693661
-24483632
-107054047
-121214791
-59120899
-2004813
-44341075
-47814501
-118626150
-36902765
-27597117
-34609008
-76584819
-93984641
-120163082
-29169549
-95426450
-47191961
-92247969
-117151666
-79894460
-21993405
-32359413
-126496416
-58988498
-24549339
-59447262
-37263334
-114399207
-63805416
-20617213
-73373695
-60790790
-85564559
-54040591
-34904080
-38869010
-111439534
-118855704
-15603737
-82679834
-50108454
-63182887
-16119419
-50305072
-35821617
-54641673
-28776508
-68065342
-55121984
-19057885
-79730772
-32545125
-19798114
-114825315
-56760436
-31579695
-106862718
-65181823
-77949450
-67147910
-113645704
-43358353
-116463764
-64100507
-66001053
-69376159
-43915424
-100881126
-23599281
-38312117
-107714744
-18894219
-118266046
-78518465
-74641099
-57170295
-62363855
-60463313
-71866584
-99031259
-52228135
-93788389
-66787564
-57121010
-106196423
-30251259
-69409021
-56989954
-46143754
-35405202
-21534991
-85658289
-30546211
-59971877
-46340392
-65116463
-36804919
-55089472
-44767557
-59382093
-70186067
-31898313
-76208532
-66754940
-55875966
-10357224
-75667846
-49715593
-121346446
-16783762
-99042371
-49191317
-52009374
-63019426
-69867939
-78846380
-114727343
-37034419
-71866805
-42604982
-58137015
-101292477
-117709250
-66296259
-34150854
-44571081
-120793733
-5544402
-76913121
-67607022
-47192563
-95951348
-62036474
-64330244
-23828998
-27826702
-98966031
-48634384
-64038270
-28547625
-55908786
-75519518
-78551614
-65083969
-54532680
-4627020
-61217367
-3283547
-18422366
-85891683
-56531562
-117906028
-67967607
-72981113
-109484683
-96803469
-73117465
-75733656
-71850436
-69769885
-49945246
-35560100
-44571303
-77798056
-66984621
-13441710
-11999920
-38967987
-72981174
-72760887
-84482753
-26685217
-83434191
-79403734
-92936920
-48617935
-48044764
-37395172
-71867127
-52599549
-51616512
-42965762
-33916033
-6429448
-50404112
-55810836
-56236837
-64565041
-62692137
-58530618
-73276221
-50010944
-25959238
-24844769
-60463949
-25434960
-25893718
-64625496
-64625501
-41982818
-51780453
-81894262
-42905407
-61578108
-91102083
-50404231
-39000977
-48896920
-39407
-65280929
-41819043
-6921128
-13717923
-95350600
-75602872
-71801790
-59448256
-103515296
-81604526
-36084679
-26221512
-25939672
-74390477
-37886931
-78715863
-51354584
-17112027
-62200799
-99637756
-106437611
-22715382
-61424809
-67579732
-117705895
-109970603
-28548114
-61611034
-71015454
-45337015
-45718567
-60452700
-1285164
-36871219
-106503224
-41917501
-117906498
-71867466
-48634958
-79010904
-75668571
-3284062
-93920355
-79793493
-48536680
-6915260
-90921490
-48536686
-95132788
-103521400
-50142330
-61152387
-75668613
-58268818
-87235733
-71867577
-60595387
-110533823
-7183558
-113957409
-37264585
-78650570
-60605820
-50404565
-75668694
-58236123
-90119395
-107814116
-59907303
-59251947
-73604333
-78716144
-71866921
-13868289
-122363139
-37264657
-18652436
-76044846
-53615897
-68835070
-114924828
-96830682
-41131302
-71376169
-52600106
-120298796
-76193069
-42310960
-9313593
-97885504
-73342277
-66002248
-56728906
-71867725
-78323024
-39033400
-119184722
-113646931
-90021204
-63020373
-56018148
-53714268
-31497577
-40410485
-35003767
-98064964
-40926982
-38051230
-28614048
-49487281
-33693115
-75931077
-71867846
-95657415
-32021965
-69148114
-119709139
-39820757
-38869581
-3284448
-63905249
-87760370
-61873656
-65116759
-53452302
-58334735
-121183763
-50372126
-48012841
-78781996
-101064240
-113090098
-60038715
-107322942
-100998721
-65019458
-45817419
-55058000
-76193361
-73198123
-44703326
-70983263
-71654315
-53681767
-41164399
-21962353
-40541811
-4791937
-41983625
-66297490
-61965593
-81370787
-107257510
-80322223
-119348928
-110337732
-84747244
-94478031
-24354519
-56663769
-119381726
-35692257
-16162531
-23011048
-4464366
-50405104
-69082866
-78061299
-119381748
-35888894
-30514947
-116301579
-52272910
-9187288
-112107282
-101424916
-43495983
-67247899
-95264540
-70802053
-119381793
-46276390
-117514027
-14360365
-43786037
-77340472
-40083262
-39886662
-89857893
-98475888
-54959990
-77918185
-51060602
-40839
-12689300
-85237655
-40673177
-115495639
-60432285
-66101593
-72101872
-116662182
-69902249
-116236204
-48766894
-62726070
-42934200
-29532089
-109304480
-38700363
-77373381
-42147786
-44900300
-89137101
-73998289
-77686550
-37679098
-15081446
-31596520
-71817146
-52502515
-55123961
-37007040
-4106195
-65314819
-118216464
-114958353
-35856402
-35856404
-56203952
-79634469
-82609500
-51978287
-19177520
-115613745
-13148211
-29892663
-45555790
-69935183
-78291026
-27992154
-41474748
-46245642
-70906425
-102178927
-94838910
-15461590
-112795782
-97917633
-34480273
-52895891
-56270998
-56172695
-97853592
-115646623
-84222113
-88744104
-44703916
-58204338
-15704250
-71835841
-663774
-120936241
-87204082
-57549048
-66593028
-52157142
-122396936
-44671243
-104145165
-80617751
-43342554
-31195691
-109814050
-2737542
-74293554
-61317427
-55812407
-41656632
-112402761
-60753294
-51093850
-61261199
-60301665
-17965413
-17604968
-116728172
-20685165
-43588328
-89596276
-37265784
-41951609
-54534540
-24879504
-31990161
-97759299
-59449752
-106570142
-19341728
-34021796
-109453733
-37724582
-32121261
-860592
-101425587
-60846153
-32448963
-72393160
-55386569
-9904586
-110961103
-31269331
-91022359
-49488353
-67019243
-46866927
-70296050
-48734710
-43688447
-8036873
-79995402
-5546508
-36413977
-70689314
-44260102
-62464551
-35168815
-71115313
-44245554
-68657715
-108634682
-16228923
-121592586
-39264840
-11117134
-89692941
-108175958
-30251791
-49914460
-49291869
-71152885
-34409058
-97415273
-48243322
-49421077
-37790347
-13705883
-34087582
-118851013
-73479990
-48341678
-27863393
-40060365
-39920336
-111780026
-76948188
-68952799
-121420006
-26452731
-48079621
-63283982
-99492624
-68035351
-42935066
-37298971
-75506460
-32908065
-101950244
-63382311
-32908077
-99820334
-118179293
-60458462
-115745590
-61547321
-91169594
-76260157
-117349175
-59515726
-6300888
-42935126
-51553118
-97133407
-90481509
-64660327
-103548391
-5088111
-54600590
-65231683
-127116191
-82027425
-41395112
-54600627
-126788542
-74401269
-113189826
-118629325
-50504654
-61514703
-54600657
-30286802
-54600661
-64988123
-65053662
-78291938
-83510779
-11117551
-51323902
-54600709
-120300550
-58303495
-66790409
-54600715
-52306957
-35464206
-84941656
-47883286
-98277302
-63710234
-118629403
-80946206
-31007775
-41460770
-34677800
-54600753
-54600754
-54600758
-22127678
-70919232
-105325637
-83600454
-54600776
-50898004
-33006687
-108930150
-54600807
-48800874
-75015292
-48257898
-70067329
-84976782
-96314516
-53814433
-49685671
-63022248
-115582121
-65250478
-35693748
-91006142
-55455947
-43492553
-65348813
-103490780
-49489120
-74622181
-56747623
-51979507
-89236726
-38184186
-108668155
-54600957
-24913154
-42444042
-74300818
-61998639
-53948635
-42902825
-5643143
-61875509
-44442954
-56074619
-52110673
-29547019
-69051737
-43621265
-59581801
-60335510
-59843996
-48014751
-43689379
-42673580
-16983480
-102409662
-56865013
-92317120
-73803204
-101852613
-52864457
-36210254
-83764694
-34612702
-44082658
-51553765
-72820202
-78093224
-93955577
-87306495
-29173245
-13469269
-96839169
-106046978
-83535364
-60663302
-76490252
-120071696
-80979478
-1713700
-93988390
-47818285
-71307858
-36906562
-64562773
-79928249
-91563608
-66079782
-7710304
-54077026
-1989564
-44639860
-78489212
-4040321
-71018123
-120170128
-85927574
-66659991
-36284056
-34076321
-32974492
-23537310
-107816612
-1779372
-77538996
-78803926
-71673529
-69445313
-34809541
-89925324
-59123410
-57616089
-32122588
-46671581
-127215347
-63612664
-32736895
-861948
-99854081
-34481934
-33335060
-51324693
-79013661
-112992308
-84256555
-48670513
-64956212
-66979465
-51914562
-90893652
-33695568
-23736633
-114960219
-78030684
-121939821
-78817135
-19661409
-45229946
-60729213
-118957951
-59680641
-77506435
-22816654
-10659744
-58754715
-46442409
-44577095
-49981359
-946348
-51554239
-46526795
-64530373
-66234320
-88614865
-29029855
-96220554
-55814120
-41887724
-44476414
-59746306
-30976021
-31172636
-895015
-42969130
-41003058
-69150774
-60926008
-85331079
-73082948
-72689737
-99493965
-29861969
-119348241
-93988974
-29304951
-81045628
-68790404
-54700166
-35203208
-41855122
-16263320
-24258740
-34384053
-88025275
-67676351
-69118151
-21539018
-13485773
-61122772
-71280855
-102541529
-2205914
-55814370
-600297
-94513389
-37300464
-11348211
-78541182
-95725822
-51030283
-17639698
-118496898
-65743131
-47065372
-110569757
-895273
-64465201
-24258866
-53815609
-59189566
-102964277
-10201412
-90856502
-82948492
-117156180
-65972568
-61417820
-20949343
-34613606
-72622697
-50801000
-33532278
-48563945
-101034361
-89893243
-44120501
-90581379
-76556676
-71305704
-75573640
-36017604
-41101717
-52865432
-49981849
-54962595
-43362725
-12298665
-50145708
-61090224
-68659634
-85961139
-84027831
-37406453
-5056965
-100706763
-76091403
-62632355
-91204053
-63449559
-49344932
-94120410
-21506525
-51849696
-755451
-50932199
-93891048
-50506218
-22718964
-65448439
-34744827
-47722924
-33204746
-58501647
-80751125
-42838558
-61549092
-94808619
-33368629
-19114559
-31795783
-88156748
-53979728
-121953787
-61052362
-49654384
-47884915
-45984380
-46663445
-77935040
-11902059
-56666756
-77519980
-114305680
-102017693
-6930609
-54930913
-50535538
-47130636
-42609331
-100772534
-64170679
-58937755
-104999618
-69675725
-78208120
-70527704
-49687270
-58050347
-32682454
-66497287
-68365074
-76613422
-99134233
-121645856
-108872235
-64105254
-76426026
-59255603
-68923870
-41495356
-61519551
-39201600
-101362498
-44018500
-17935173
-120913948
-4303708
-67806820
-121514853
-7678823
-78556011
-96611184
-41495414
-121875323
-67873660
-49175701
-1551248
-34253714
-36907926
-62892957
-30714784
-105425831
-10596850
-76327856
-46541746
-64516595
-28781497
-59845571
-42163362
-74778445
-70986722
-124156699
-13505291
-104836076
-120129363
-46199294
-37399543
-72821760
-121109903
-72297490
-44253186
-61976564
-71674919
-75672626
-31075389
-38054978
-71553414
-92351561
-80747703
-24161356
-84360008
-18885715
-47848633
-120958048
-113880162
-50142397
-74984562
-59157619
-74354522
-1783407
-45231223
-23792305
-59944078
-86077977
-93802393
-76649355
-76882959
-58355345
-27367358
-6128828
-75078929
-74622973
-42799810
-35990720
-82652355
-37858500
-113716422
-60042440
-88779979
-87634467
-46214361
-30289131
-61982589
-60781096
-76852468
-96349436
-70682497
-39955722
-24456466
-76557592
-96415002
-64072994
-49327402
-124595510
-45821247
-58961216
-46542148
-69545303
-81931613
-1420649
-62107004
-101756289
-101297546
-67939741
-24554916
-48082348
-31958498
-67644852
-20098489
-32447733
-94491163
-57847235
-120106437
-53811652
-82626466
-87141844
-60497145
-68988377
-80977146
-61223504
-29863398
-81374702
-50874280
-6696434
-101985790
-67481090
-77639176
-21507594
-24282401
-52768271
-63417872
-55193111
-115224100
-73346599
-42573063
-68070960
-98942978
-22752835
-51523148
-23211606
-53554775
-74526297
-127151709
-40349283
-81571428
-91303528
-83045995
-98446964
-85798517
-57880182
-68529794
-114306694
-111685255
-44510858
-55193231
-27897489
-80260763
-101330588
-52080286
-57083845
-51261088
-23604897
-35106480
-71714761
-73608893
-96874176
-75902666
-61976279
-19934940
-59420381
-14429925
-85962479
-91959025
-63090420
-51654399
-68988673
-37924635
-75009048
-2109242
-99790651
-40939326
-118828866
-116436806
-13469012
-69021703
-31534933
-73402924
-63057756
-61157214
-65351524
-127365778
-67350388
-80873449
-46673791
-64532355
-44838791
-60865823
-60141468
-39628707
-37990309
-11317161
-72757180
-80654278
-97431496
-21213135
-106934226
-61124563
-121515994
-47034334
-80883696
-64794610
-73948499
-51261432
-41994239
-103034894
-39923735
-35500058
-113225768
-52080684
-67285039
-65548340
-92516406
-59158589
-69251135
-8106049
-71839815
-48214101
-80523350
-81866842
-97759324
-45924139
-116355250
-114241640
-11087979
-31033362
-57782385
-59244132
-94941303
-119910529
-96618518
-38514822
-108245130
-61616268
-56111246
-31043727
-82423963
-69251231
-86913195
-22720685
-111816892
-82358466
-66367696
-115060947
-105394394
-75968733
-111816927
-59618000
-70791411
-106279162
-74363133
-31535358
-109555967
-77508864
-120299691
-49393942
-72200474
-117059877
-125022502
-55193900
-22491437
-35926325
-37007674
-106541376
-56340805
-71381319
-88551760
-38482257
-104444251
-117911922
-43561333
-66826615
-124158313
-15839614
-89534849
-119840150
-93696392
-59257228
-9417107
-38482345
-91140531
-73211294
-54964666
-93303234
-83990863
-33599958
-51311353
-63058398
-60731873
-34976229
-59159019
-5747185
-66105851
-75279672
-103543552
-62632455
-67056136
-43037194
-33731084
-15610383
-74134038
-117518873
-100512284
-96645661
-96416517
-82932486
-82708572
-81310250
-54600725
-75575859
-47526453
-54538814
-53534543
-65084854
-67088973
-1684048
-16429649
-108016222
-111391329
-49230436
-14860526
-39168726
-93390953
-114471545
-61742527
-45625983
-81703563
-37204623
-21541521
-109032087
-102281880
-29196590
-38189984
-77585862
-41661097
-80491185
-25728188
-59126463
-13009
-55908847
-127054564
-5354215
-111948520
-6173419
-40153838
-68498163
-6828792
-85046019
-16528133
-12006166
-46641948
-62068279
-34386731
-105394989
-44053297
-50377526
-45724471
-89322292
-52671300
-32453446
-49820492
-50967376
-119419734
-14857054
-21601766
-88912744
-102413168
-17347441
-80655230
-97006467
-112374668
-60994446
-39538629
-121123740
-39220285
-15479722
-89529845
-59093939
-42873788
-52605885
-116274110
-10957763
-76821446
-28783563
-19346384
-55107064
-48608211
-74494932
-70661081
-62174171
-99464157
-73315296
-20689744
-34419713
-48378882
-44512260
-121943051
-34878483
-53752858
-78456762
-51404295
-54637619
-36961385
-92648515
-52048966
-49230920
-28548620
-59159636
-114635886
-58078325
-64435326
-31224683
-48449730
-69532712
-84554905
-102249630
-102610082
-120102432
-37467331
-78099655
-14333128
-28554445
-86717656
-79541481
-80327923
-48837877
-65516794
-84281324
-13743362
-52376837
-61519115
-62905192
-118201211
-117650716
-90054192
-12694828
-46773557
-91927862
-65478196
-50574220
-57390421
-50345312
-57713598
-115651944
-39512709
-50771312
-71546226
-75329039
-59080615
-46282120
-91403665
-24130972
-54441374
-75150760
-49395114
-75445683
-46708151
-55031224
-46936991
-34715079
-117552592
-55096227
-77903323
-43398621
-25900521
-67072935
-55653873
-16692724
-87438838
-92156842
-73872901
-76199430
-54015499
-55079853
-122074640
-63878681
-28194350
-79705648
-76690997
-58832438
-71546425
-91633226
-20297291
-46216783
-117093970
-12355855
-94385756
-53720671
-74266223
-36648563
-64337528
-121898930
-114734727
-23617133
-121583254
-92452513
-104838821
-45364902
-45266604
-3421874
-68198005
-70727363
-73316037
-57489105
-50607834
-3487454
-64797227
-67221221
-36303825
-76330728
-42874602
-81049323
-9423144
-79224447
-18921212
-22361861
-15677197
-74495758
-54736662
-82982683
-89470748
-78198566
-92321578
-38909756
-93796158
-92845889
-15873861
-64010078
-21837666
-62011235
-7845741
-86751089
-114669428
-103724921
-51300671
-62240644
-56473480
-90409282
-85178259
-19411950
-124314354
-60209058
-27309995
-96581548
-56833966
-110835651
-103364556
-38025177
-66284943
-2439140
-46741478
-125712361
-43628526
-19249137
-48412663
-32585732
-94091273
-83703820
-88553491
-122123269
-71088161
-68252678
-42874918
-111851559
-20625449
-118965676
-3487790
-102610991
-76920880
-103239533
-28391491
-99596356
-43399238
-53950545
-50699998
-8206450
-9210223
-79050912
-41760933
-28800029
-52841321
-45004990
-59536416
-56801479
-61159641
-44415197
-122599646
-12073191
-61128865
-65911036
-65026302
-35469569
-105791002
-77314308
-90690853
-38320391
-99563788
-61983106
-93305102
-84785423
-38254865
-70879620
-42349427
-69155117
-43792696
-26130751
-87374149
-22264135
-79051080
-74070346
-54344011
-84392273
-50215251
-7610084
-71674641
-31668579
-87603561
-14432622
-121387375
-72956273
-48609652
-102840693
-80404201
-90126712
-48609660
-44026262
-59264129
-103856524
-36118254
-29604251
-69548449
-69286306
-116503622
-109459878
-104937895
-87439789
-41142685
-79325648
-57194937
-49351071
-57018784
-50772426
-12237259
-23673301
-56123129
-56408536
-94648794
-113457628
-53688815
-73841139
-44677622
-11450872
-26834004
-90356226
-81345042
-6109722
-119441839
-73861923
-70040106
-27605560
-13613626
-103594570
-61098423
-88455756
-93731405
-127547988
-38386262
-44612189
-62306912
-79846733
-43933759
-51690090
-59521644
-4540044
-112704132
-29670031
-41106065
-61749910
-104544930
-70695598
-72759987
-39533237
-2202401
-22002367
-35404483
-35044043
-58178253
-58145497
-115948251
-34487009
-119585539
-54934278
-44022539
-1981198
-119159580
-61553438
-61225760
-74365735
-71823050
-37141292
-45628207
-84893492
-113466
-40967989
-56572743
-34913100
-51985232
-90127188
-59161437
-34716516
-79082642
-56953320
-86615503
-71469545
-114974530
-83409809
-73615854
-98089884
-55025478
-101465006
-21445555
-55884733
-121796704
-44415956
-33373141
-126041051
-74162000
-46906348
-52640749
-78330863
-49869992
-56638450
-79707128
-34159611
-66206726
-101334024
-73153551
-37207056
-23116820
-64863255
-121315162
-101694506
-51887161
-107887688
-6437963
-56015948
-48821432
-13319250
-125254743
-43924572
-54661767
-40746094
-61881458
-126696564
-18660479
-4766862
-75499921
-40498900
-108969109
-113787925
-116767901
-48184479
-70958258
-51561869
-71384253
-96845001
-69156050
-122336463
-115490012
-6896862
-77446372
-63803259
-63192300
-118275320
-120103389
-43072763
-49069310
-71449856
-64961796
-69156101
-88279596
-64699662
-28425495
-81640732
-39894309
-71843111
-94846248
-110083375
-48741682
-32390459
-23084369
-116768088
-51559784
-91995518
-126270855
-65125775
-15121819
-38944159
-51133858
-1949095
-62263681
-72760755
-43498936
-121912775
-69156310
-105231609
-26361312
-111001066
-92028396
-86236902
-51494387
-55655924
-40025599
-11976196
-45039114
-59096587
-66502158
-68795919
-33537552
-41958931
-51461654
-120929829
-115949101
-106020400
-67466504
-92618302
-81081315
-53660257
-77381195
-4011525
-65879631
-89833041
-2276949
-100507579
-47781036
-100417130
-32030317
-111132281
-71843456
-49036929
-53165722
-13778592
-117792710
-53234289
-57458350
-106479294
-29166197
-29277888
-3063498
-40025808
-87473874
-54214361
-14499549
-35733223
-61357820
-116684075
-18267913
-64274188
-16662288
-32953757
-73485966
-74366757
-79498093
-57130799
-59227954
-58310452
-89669435
-71843653
-73119031
-9486169
-77840220
-47988580
-52576101
-35494993
-56180584
-52510580
-71647093
-102861373
-10603052
-82558855
-106381194
-43597712
-117620628
-52637190
-113819555
-76070820
-48414629
-39141288
-71843756
-51650547
-94683063
-10174393
-19183701
-64643061
-33767372
-71398734
-58310618
-79970273
-40222694
-53526515
-39600118
-104841219
-112640005
-62406667
-71843853
-124076057
-4964383
-75022368
-11045553
-29212722
-80915480
-42975298
-56036022
-2921503
-65224780
-108183632
-45760595
-90128469
-80822359
-45695074
-110143082
-44875884
-28950647
-56375967
-86032511
-85311617
-116847979
-33704641
-98426905
-49168545
-27757254
-69812392
-69517491
-9388212
-122669769
-122863802
-119324860
-67665892
-69746881
-108202699
-113033430
-117326039
-89383746
-42942685
-58245342
-53264609
-81019107
-74891507
-39280681
-74858748
-22257707
-33112333
-75415825
-93768410
-48480550
-71680295
-60834098
-45686835
-13951028
-41992508
-76494218
-35733823
-46612809
-49135950
-48100749
-80363856
-42320210
-9912662
-1655127
-22921568
-59523429
-54277521
-54641011
-48382325
-34583957
-52806023
-73710706
-87277968
-44745105
-119718296
-97010080
-48627207
-98401943
-82526637
-59471261
-110084529
-56431625
-13779384
-97567164
-30556615
-87945715
-84697164
-58802635
-61653455
-63947221
-48054742
-43467223
-85574121
-60637679
-93012464
-50381306
-77382139
-112280060
-87179781
-112968198
-84328967
-114835979
-73974291
-38224408
-32224688
-10535466
-81019437
-77477346
-10142258
-37101663
-66456330
-64537152
-127222338
-29821707
-45736033
-74039880
-76956233
-85079479
-47465045
-50086489
-84558427
-94023244
-80344507
-14795364
-103957094
-65618546
-81526532
-121455228
-69223042
-53691021
-55591566
-71778960
-88130197
-36487833
-73924630
-62898844
-27607711
-94552746
-54600717
-68272815
-43631285
-20464310
-97108663
-49136312
-95286730
-87311038
-120437324
-92422851
-25507277
-59065043
-80233176
-116454863
-49487994
-15811295
-85429508
-59738919
-69964922
-72893177
-73483014
-42287893
-79250203
-75449123
-33735463
-28194269
-31146804
-71844662
-6210362
-109606367
-71813944
-89539410
-24232789
-76956508
-109855585
-69976930
-116081510
-62604139
-112575342
-12698479
-115098482
-51528566
-91440000
-54954816
-34980743
-62374797
-31802262
-18727845
-56210929
-66438061
-94061493
-12600247
-76006328
-42943428
-37241801
-84394972
-13190109
-121947106
-67087620
-51889132
-45056613
-55034864
-19809269
-13026297
-29961920
-56697002
-64408406
-67912710
-65668261
-43238409
-90227736
-28197915
-101696545
-117326886
-85292551
-25740333
-99920784
-127550520
-104252482
-61382840
-42153486
-82330711
-3589209
-109560923
-71098554
-64490341
-73843817
-38290539
-104478226
-118277239
-28623993
-117982333
-96650367
-79121259
-27739279
-42983619
-78333082
-108594214
-115786911
-7029929
-115034994
-66700471
-41534649
-50054334
-100418751
-59471392
-59098307
-5522634
-61555915
-96421069
-98976978
-78234844
-34096361
-55035117
-40682746
-71451900
-101467390
-41328853
-105628932
-49759495
-97586051
-49366292
-31933722
-89572648
-111265078
-26821952
-82756930
-126085035
-122274809
-60033934
-51561815
-77743459
-81839461
-76727655
-91604336
-49890684
-21611908
-101336455
-49005964
-61588882
-75580829
-64374175
-16008609
-100287908
-37995948
-114935217
-6800821
-62211510
-78103996
-20104647
-111330760
-35702224
-100320724
-37996001
-97076709
-48481768
-96716274
-11191804
-9356815
-45958681
-112870939
-542237
-58246686
-115954631
-54609444
-20268581
-65291823
-51463730
-114876681
-25937469
-71517759
-26691136
-14704907
-23152200
-5916235
-84821595
-73418345
-40137515
-49432173
-22136433
-113387984
-17167977
-64261056
-59739073
-48121484
-72894099
-116901526
-96257687
-71845529
-102807151
-5719709
-89245346
-96716462
-64538290
-24766114
-94619319
-33081017
-46679739
-24068750
-31803080
-118629356
-76334800
-51463901
-109987550
-10019109
-30361320
-47728370
-2502449
-41240324
-90621708
-72775298
-61956397
-41535250
-21972757
-9553695
-100419362
-62998315
-83511092
-63162172
-99501887
-83070522
-124143438
-115657699
-121554780
-36456286
-110872425
-7708989
-52807538
-86886260
-101427422
-108808060
-34857281
-67453180
-97863581
-24823710
-10995616
-55363504
-44779453
-444351
-49596361
-98060234
-56440406
-42059742
-71845857
-94140070
-44713960
-20334569
-50317291
-71616492
-71845900
-33409039
-25249817
-123521050
-78956584
-59164717
-63883312
-18171959
-95445343
-20138044
-34518709
-108374928
-94193751
-122800218
-75024477
-41484291
-107628642
